%YAML:1.0
---
cameraMatrix: !!opencv-matrix
   rows: 3
   cols: 3
   dt: d
   data: [ 1345.3522678129955, 0., 638.07454053490142, 0.,
       1346.4769131960729, 401.70466406648569, 0., 0., 1. ]
distCoeffs: !!opencv-matrix
   rows: 1
   cols: 5
   dt: d
   data: [ 0.1087476061058658, -1.7516101988144508,
       -0.00031050528390847457, -0.0032729170409502954,
       8.0243572946238757 ]
rvec: !!opencv-matrix
   rows: 3
   cols: 1
   dt: d
   data: [ -0.037422567932393819, -0.03447740799848463,
       -1.5462411601502686 ]
tvec: !!opencv-matrix
   rows: 3
   cols: 1
   dt: d
   data: [ -83.21165083706083, 111.83156891282106, 655.06469638116721 ]
rms: 0.39604565143919612
